import argparse
import math
import os
from numbers import Number
from pathlib import Path

import cv2
import einops
import huggingface_hub
import matplotlib.pyplot as plt
import numpy as np
import pandas as pd
import pyarrow.parquet as pq
import pytorch_kinematics as pk
import scipy
import torch
import torch.nn as nn
import torchvision.transforms.functional as TF
import torchvision.transforms.v2.functional as TVTF
from scipy.spatial.transform import Rotation

import egomimic

STD_SCALE = 0.02

ARIA_INTRINSICS = np.array(
    [
        [133.25430222 * 2, 0.0, 320, 0],
        [0.0, 133.25430222 * 2, 240, 0],
        [0.0, 0.0, 1.0, 0],
    ]
)

ARIA_INTRINSICS_HALF = np.array(
    [
        [133.25430222, 0.0, 320 / 2, 0],
        [0.0, 133.25430222, 240 / 2, 0],
        [0.0, 0.0, 1.0, 0],
    ]
)

SCALE_INTRINSICS = np.array(
    [[214.134, 0.0, 324.593, 0], [0.0, 256.968, 260.146, 0], [0.0, 0.0, 1.0, 0]]
)

w0, h0 = float(1920), float(1080)
fx0, fy0 = float(752.4707352849115), float(753.0015979987369)
cx0, cy0 = float(961.8249427694457), float(553.245895705989)
k1 = float(0.053237960122440905)
k2 = float(-0.030832938752312588)
p1 = float(0.007216253952233802)
p2 = float(0.0002335266971733548)

sx = 640 / w0
sy = 360 / h0
fx, fy = fx0 * sx, fy0 * sy
cx, cy = cx0 * sx, cy0 * sy

MECKA_INTRINSICS = np.array(
    [[fx, 0.0, cx, 0], [0.0, fy, cy, 0], [0.0, 0.0, 1.0, 0]], dtype=np.float64
)

IDENTITY_INTRINSICS = np.array(
    [[1.0, 0.0, 0.0, 0.0], [0.0, 1.0, 0.0, 0.0], [0.0, 0.0, 1.0, 0.0]],
    dtype=np.float64,
)

# Azure Kinect front camera (cam0) — franka_2cam_zed setup
FRANKA_ZED_FRONT_INTRINSICS = np.array(
    [[609.097, 0.0, 639.615, 0], [0.0, 608.889, 365.639, 0], [0.0, 0.0, 1.0, 0]],
    dtype=np.float64,
)

# Azure Kinect left camera (cam1)
FRANKA_ZED_LEFT_INTRINSICS = np.array(
    [[604.321, 0.0, 637.408, 0], [0.0, 604.109, 363.023, 0], [0.0, 0.0, 1.0, 0]],
    dtype=np.float64,
)

# Cam to base extrinsics
EXTRINSICS = {
    "ariaJul29": {
        "left": np.array(
            [
                [-0.02701913, -0.77838164, 0.62720969, 0.1222102],
                [0.99958387, -0.01469678, 0.02482135, 0.17666979],
                [-0.01010252, 0.62761934, 0.77845482, 0.00423704],
                [0.0, 0.0, 0.0, 1.0],
            ]
        ),
        "right": np.array(
            [
                [0.07280155, -0.81760187, 0.57116295, 0.12038065],
                [0.9973441, 0.05843903, -0.04346979, -0.31690207],
                [0.00216277, 0.57281067, 0.81968485, -0.03742754],
                [0.0, 0.0, 0.0, 1.0],
            ]
        ),
    },
    "ariaJul29L": np.array(
        [
            [-0.02701913, -0.77838164, 0.62720969, 0.1222102],
            [0.99958387, -0.01469678, 0.02482135, 0.17666979],
            [-0.01010252, 0.62761934, 0.77845482, 0.00423704],
            [0.0, 0.0, 0.0, 1.0],
        ]
    ),
    "ariaJul29R": np.array(
        [
            [0.07280155, -0.81760187, 0.57116295, 0.12038065],
            [0.9973441, 0.05843903, -0.04346979, -0.31690207],
            [0.00216277, 0.57281067, 0.81968485, -0.03742754],
            [0.0, 0.0, 0.0, 1.0],
        ]
    ),
    "ariaFeb17": {
        "left": np.array(
            [
                [0.17238669, -0.87525225, 0.45190301, 0.17410326],
                [0.98220447, 0.11801606, -0.14610472, 0.16975309],
                [0.07454667, 0.46904766, 0.88002107, -0.14999786],
                [0.0, 0.0, 0.0, 1.0],
            ]
        ),
        "right": np.array(
            [
                [-0.05745408, -0.7655291, 0.64083089, 0.08510947],
                [0.99760645, -0.01928462, 0.06640383, -0.37591887],
                [-0.03847589, 0.6431122, 0.76480475, -0.24081715],
                [0.0, 0.0, 0.0, 1.0],
            ]
        ),
    },
    "ariaMar4": {
        "left": np.array(
            [
                [0.17238669, -0.87525225, 0.45190301, 0.17410326],
                [0.98220447, 0.11801606, -0.14610472, 0.16975309],
                [0.07454667, 0.46904766, 0.88002107, -0.14999786],
                [0.0, 0.0, 0.0, 1.0],
            ]
        ),
        "right": np.array(
            [
                [-0.01705736, -0.76701011, 0.64140825, 0.1040253],
                [0.99936749, 0.00694131, 0.03487736, -0.31958691],
                [-0.0312035, 0.64159747, 0.76640657, -0.14678789],
                [0.0, 0.0, 0.0, 1.0],
            ]
        ),
    },
    "ariaJun7": {
        "left": np.array(
            [
                [-0.18832572, -0.65324461, 0.73335183, 0.09628296],
                [0.98061435, -0.08392577, 0.17706487, 0.13806555],
                [-0.05411956, 0.7524812, 0.65638641, -0.03473177],
                [0.0, 0.0, 0.0, 1.0],
            ]
        ),
        "right": np.array(
            [
                [0.09025644, -0.73272786, 0.67450994, 0.02224729],
                [0.985515, -0.03192781, -0.1665557, -0.36016571],
                [0.14357562, 0.67977239, 0.71923261, -0.36191491],
                [0.0, 0.0, 0.0, 1.0],
            ]
        ),
    },
    "ariaOct18_arx": {
        "right": np.array(
            [
                [0.92889757, 0.36039153, -0.08524815, 0.30147348],
                [-0.32558192, 0.68501478, -0.65172936, 0.06826981],
                [-0.1764815, 0.63314508, 0.75364554, 0.61726764],
                [0.0, 0.0, 0.0, 1.0],
            ]
        ),
        "left": np.array(
            [
                [0.67106869, 0.09057156, 0.73584211, 0.37354573],
                [0.01770855, 0.99026867, -0.13803754, 0.22691753],
                [-0.74118367, 0.10566337, 0.66293441, 0.72137284],
                [0.0, 0.0, 0.0, 1.0],
            ]
        ),
    },
    "x5Nov15_2": {
        "right": np.array(
            [
                [0.92889757, 0.36039153, -0.08524815, 0.30147348],
                [-0.32558192, 0.68501478, -0.65172936, 0.06826981],
                [-0.1764815, 0.63314508, 0.75364554, 0.61726764],
                [0.0, 0.0, 0.0, 1.0],
            ]
        ),
        "left": np.array(
            [
                [-0.03286194, -0.79989118, 0.59924469, 0.03464527],
                [-0.9994423, 0.02274144, -0.02445234, -0.25152234],
                [0.00593152, -0.59971404, -0.80019241, 0.5092148],
                [0.0, 0.0, 0.0, 1.0],
            ]
        ),
    },
    "x5Nov18_3": {
        "right": np.array(
            [
                [0.92889757, 0.36039153, -0.08524815, 0.30147348],
                [-0.32558192, 0.68501478, -0.65172936, 0.06826981],
                [-0.1764815, 0.63314508, 0.75364554, 0.61726764],
                [0.0, 0.0, 0.0, 1.0],
            ]
        ),
        "left": np.array(
            [
                [0.01329544, -0.71757193, 0.69635749, -0.04409191],
                [-0.99959782, -0.02698416, -0.00872107, -0.23221381],
                [0.02504862, -0.69596148, -0.7176421, 0.57323278],
                [0.0, 0.0, 0.0, 1.0],
            ]
        ),
    },
    "x5Dec10_2": {
        "right": np.array(
            [
                [-0.15646281, -0.96797376, 0.19633183, 0.06895977],
                [-0.73576918, 0.24684158, 0.63064487, 0.41755406],
                [-0.65891055, -0.04578243, -0.75082679, 0.78698655],
                [0.0, 0.0, 0.0, 1.0],
            ]
        ),
        "left": np.array(
            [
                [0.01329544, -0.71757193, 0.69635749, -0.04409191],
                [-0.99959782, -0.02698416, -0.00872107, -0.23221381],
                [0.02504862, -0.69596148, -0.7176421, 0.57323278],
                [0.0, 0.0, 0.0, 1.0],
            ]
        ),
    },
    "mecka": {
        "left": np.eye(4),
        "right": np.eye(4),
    },
    "x5Dec13_2": {
        "left": np.array(
            [
                [0.01329544, -0.71757193, 0.69635749, -0.04409191],
                [-0.99959782, -0.02698416, -0.00872107, -0.23221381],
                [0.02504862, -0.69596148, -0.7176421, 0.57323278],
                [0.0, 0.0, 0.0, 1.0],
            ]
        ),
        "right": np.array(
            [
                [-0.04733948, -0.76631195, 0.64072222, -0.01998031],
                [-0.9983006, 0.05811952, -0.00424732, 0.32539554],
                [-0.0339837, -0.63983444, -0.76776103, 0.64809634],
                [0.0, 0.0, 0.0, 1.0],
            ]
        ),
    },
    "scale": {
        "left": np.eye(4),
        "right": np.eye(4),
    },
    "identity": {
        "left": np.eye(4),
        "right": np.eye(4),
    },
    # franka_2cam_zed calibration: cam0=front (right arm primary), cam1=left
    "franka_zed_front": {
        "right": np.array(
            [
                [3.17855e-03, 7.66044e-01, -6.42780e-01, 9.53837e-01],
                [9.99964e-01, 2.59828e-03, 8.04137e-03, -1.76884e-01],
                [7.83017e-03, -6.42783e-01, -7.66009e-01, 5.32154e-01],
                [0.0, 0.0, 0.0, 1.0],
            ]
        ),
        "left": np.eye(4),
    },
    "franka_zed_left": {
        "right": np.array(
            [
                [9.88648e-01, -9.61655e-02, -1.15446e-01, 4.91876e-01],
                [-9.91006e-03, -8.08411e-01, 5.88535e-01, -6.44682e-01],
                [-1.49924e-01, -5.80709e-01, -8.00187e-01, 5.60722e-01],
                [0.0, 0.0, 0.0, 1.0],
            ]
        ),
        "left": np.eye(4),
    },
}

INTRINSICS = {
    "base": ARIA_INTRINSICS,
    "base_half": ARIA_INTRINSICS_HALF,
    "mecka": MECKA_INTRINSICS,
    "scale": SCALE_INTRINSICS,
    "identity": IDENTITY_INTRINSICS,
    "franka_zed_front": FRANKA_ZED_FRONT_INTRINSICS,
    "franka_zed_left": FRANKA_ZED_LEFT_INTRINSICS,
}

ARIA_T_RGB_CPF = np.array(
    [
        [-0.99989084, 0.01251132, -0.00786028, 0.05686918],
        [-0.01132842, -0.99067146, -0.13580032, 0.00922798],
        [-0.009486, -0.13569645, 0.99070505, -0.01147902],
        [0.0, 0.0, 0.0, 1.0],
    ]
)


class CameraTransforms:
    def __init__(self, intrinsics_key, extrinsics_key):
        self.intrinsics = INTRINSICS[intrinsics_key]
        self.extrinsics = EXTRINSICS[extrinsics_key]


## HPT Utils
def get_sinusoid_encoding_table(position_start, position_end, d_hid):
    """Sinusoid position encoding table"""

    # Create position tensor
    positions = torch.arange(position_start, position_end, dtype=torch.float32)

    # Create division term for angles
    div_term = torch.exp(
        torch.arange(0, d_hid, 2).float() * (-math.log(10000.0) / d_hid)
    )

    # Create empty table
    sinusoid_table = torch.zeros((position_end - position_start, d_hid))

    # Fill even indices with sin and odd indices with cos
    sinusoid_table[:, 0::2] = torch.sin(positions.unsqueeze(1) * div_term)
    sinusoid_table[:, 1::2] = torch.cos(positions.unsqueeze(1) * div_term[: d_hid // 2])

    return sinusoid_table.unsqueeze(0)


def reverse_kl_from_samples(pred_samples, targets):
    M, B, T, D = pred_samples.shape

    TD = T * D
    const = -0.5 * TD * math.log(2.0 * math.pi)

    A = pred_samples.permute(1, 0, 2, 3).reshape(B, M, TD)  # (B,M,TD)
    MU = targets.reshape(B, 1, TD)  # (B,1,TD)

    d2 = torch.cdist(A, A).pow(2)  # (B,M,M)
    log_q_each = torch.logsumexp(const - 0.5 * d2, dim=-1) - math.log(M)  # (B,M)

    d2p = ((A - MU) ** 2).sum(dim=-1)  # (B,M)
    log_p_each = const - 0.5 * d2p  # (B,M)

    rkl_each = (log_q_each - log_p_each).mean(dim=-1)  # (B,)
    return rkl_each.mean()


def frechet_gaussian_over_time(
    pred: torch.Tensor,
    tgt: torch.Tensor,
    *,
    squared: bool = False,
    return_stats: bool = False,
    eps: float = 1e-6,
):
    """
    Gaussian Fréchet (Bures / 2-Wasserstein) distance between the empirical
    time-distributions of pred and tgt, computed per sample.

    Args:
        pred: Tensor of shape (B, T, D) or (B, T, ...).
        tgt : Tensor of shape (B, T, D) or (B, T, ...).
        squared: If True, return W2^2 instead of W2.
        return_stats: If True, also return {'avg','min','max'} over batch.
        eps: Small jitter for numerical stability (eigenvalue clamp & cov reg).

    Returns:
        dist: Tensor (B,) of per-sample distances (W2 or W2^2).
        stats (optional): {'avg': float, 'min': float, 'max': float}
    """
    assert pred.shape[:2] == tgt.shape[:2], "pred/tgt must match in (B,T)"
    B, T = pred.shape[:2]

    pred = pred.to(torch.float32)
    tgt = tgt.to(torch.float32)
    if pred.ndim > 3:
        D = int(torch.tensor(pred.shape[2:], device=pred.device).prod().item())
        X = pred.reshape(B, T, D)
        Y = tgt.reshape(B, T, D)
    else:
        _, _, D = pred.shape
        X, Y = pred, tgt

    # Means
    m1 = X.mean(dim=1)  # (B,D)
    m2 = Y.mean(dim=1)  # (B,D)

    # Covariances
    if T <= 1:
        C1 = torch.zeros(B, D, D, device=X.device, dtype=X.dtype)
        C2 = torch.zeros(B, D, D, device=X.device, dtype=X.dtype)
    else:
        Xc = X - m1.unsqueeze(1)
        Yc = Y - m2.unsqueeze(1)
        C1 = (Xc.transpose(1, 2) @ Xc) / (T - 1)
        C2 = (Yc.transpose(1, 2) @ Yc) / (T - 1)

    eye = torch.eye(D, device=X.device, dtype=X.dtype).expand(B, D, D)
    C1 = C1 + eps * eye
    C2 = C2 + eps * eye

    # Symmetric sqrt via eigendecomp
    w2, V2 = torch.linalg.eigh(C2)
    w2 = torch.clamp(w2, min=eps)
    C2_sqrt = V2 @ torch.diag_embed(torch.sqrt(w2)) @ V2.transpose(-1, -2)

    inner = C2_sqrt @ C1 @ C2_sqrt
    w_inner, V_inner = torch.linalg.eigh(inner.to(torch.float32))
    w_inner = torch.clamp(w_inner, min=eps)
    inner_sqrt = (
        V_inner @ torch.diag_embed(torch.sqrt(w_inner)) @ V_inner.transpose(-1, -2)
    )

    # Fréchet formula
    mean_term = (m1 - m2).pow(2).sum(dim=1)  # (B,)
    trace_term = (
        C1.diagonal(dim1=-2, dim2=-1).sum(-1)
        + C2.diagonal(dim1=-2, dim2=-1).sum(-1)
        - 2.0 * inner_sqrt.diagonal(dim1=-2, dim2=-1).sum(-1)
    )
    w2_sq = torch.clamp(mean_term + trace_term, min=0.0)
    dist = w2_sq if squared else torch.sqrt(w2_sq)

    if return_stats:
        return dist, {
            "avg": dist.mean().item(),
            "min": dist.min().item(),
            "max": dist.max().item(),
        }
    return dist


class EinOpsRearrange(nn.Module):
    def __init__(self, rearrange_expr: str, **kwargs) -> None:
        super().__init__()
        self.rearrange_expr = rearrange_expr
        self.kwargs = kwargs

    def forward(self, x):
        assert isinstance(x, torch.Tensor)
        return einops.rearrange(x, self.rearrange_expr, **self.kwargs)


def download_from_huggingface(huggingface_repo_id: str):
    folder = huggingface_hub.snapshot_download(huggingface_repo_id)
    return folder


def fmt(v):
    # Convert to flat list of floats no matter the input shape/type
    if isinstance(v, torch.Tensor):
        v = v.flatten().tolist()
    elif isinstance(v, np.ndarray):
        v = v.flatten().tolist()
    return ", ".join(f"{f:.2f}" for f in v)


def draw_annotation_text(
    image: np.ndarray,
    annotation: str,
    font_scale: float = 0.45,
    color: tuple = (255, 255, 255),
    thickness: int = 1,
) -> np.ndarray:
    """
    Draws annotation text on an image.

    Args:
        image (np.ndarray): Image of shape (H, W, 3) in uint8 format.
        annotation (str): Annotation text to draw.
        font_scale (float): Font size.
        color (tuple): Text color (B, G, R).
        thickness (int): Line thickness.

    Returns:
        image (np.ndarray): Annotated image.
    """
    font = cv2.FONT_HERSHEY_SIMPLEX
    text = f"Annotation: {annotation}"
    text_size, baseline = cv2.getTextSize(text, font, font_scale, thickness)
    x, y = 10, image.shape[0] - baseline - 10

    image = np.ascontiguousarray(image.copy())

    image = cv2.putText(
        image,
        text,
        (x, y),
        font,
        font_scale,
        color,
        thickness,
    )

    return image


def draw_rotation_text(
    image: np.ndarray,
    gt_rot: torch.Tensor,
    pred_rot: torch.Tensor,
    position: tuple = (340, 20),
    font_scale: float = 0.45,
    color: tuple = (255, 255, 255),
    thickness: int = 1,
) -> np.ndarray:
    """
    Draws ground truth and predicted rotation vectors on an image.

    Args:
        image (np.ndarray): Image of shape (H, W, 3) in uint8 format.
        gt_rot (torch.Tensor): Rotation vector, shape (3,) or (6,) (dual arm).
        pred_rot (torch.Tensor): Same shape as gt_rot.
        position (tuple): Top-left corner (x, y) for drawing text.
        font_scale (float): Font size.
        color (tuple): Text color (B, G, R).
        thickness (int): Line thickness.

    Returns:
        image (np.ndarray): Annotated image.
    """
    font = cv2.FONT_HERSHEY_SIMPLEX
    x, y = position

    image = np.ascontiguousarray(image.copy())

    if gt_rot.shape[-1] == 3:
        image = cv2.putText(
            image,
            f"GT rot:    [{fmt(gt_rot)}]",
            (x, y),
            font,
            font_scale,
            color,
            thickness,
        )
        image = cv2.putText(
            image,
            f"Pred rot:  [{fmt(pred_rot)}]",
            (x, y + 20),
            font,
            font_scale,
            color,
            thickness,
        )
    elif gt_rot.shape[-1] == 6:
        image = cv2.putText(
            image,
            f"L GT rot:  [{fmt(gt_rot[0:3])}]",
            (x, y),
            font,
            font_scale,
            color,
            thickness,
        )
        image = cv2.putText(
            image,
            f"L Pred rot:[{fmt(pred_rot[0:3])}]",
            (x, y + 20),
            font,
            font_scale,
            color,
            thickness,
        )
        image = cv2.putText(
            image,
            f"R GT rot:  [{fmt(gt_rot[3:6])}]",
            (x, y + 40),
            font,
            font_scale,
            color,
            thickness,
        )
        image = cv2.putText(
            image,
            f"R Pred rot:[{fmt(pred_rot[3:6])}]",
            (x, y + 60),
            font,
            font_scale,
            color,
            thickness,
        )
    else:
        raise ValueError(f"Unsupported rotation shape: {gt_rot.shape}")

    return image


def draw_actions(
    im, type, color, actions, extrinsics, intrinsics, arm="both", kinematics_solver=None
):
    """
    args:
        im: (H, W, C)
        type: "joints" or "xyz"
        color: ex) "Purples", "Blues", "Greens"
        actions: (N, 6) or (N, 3) if type is "xyz" or (N, 7) or (N, 14) if type is "joints"
        extrinsics: dict with keys "left" and "right" with values (4, 4)
        intrinsics: (3, 4)
        arm: "both", "left", "right"
    returns
        im: (H, W, C)
    """
    if type == "joints" and kinematics_solver is None:
        raise ValueError("kinematics_solver is required for joints actions")
    if type == "joints":
        if arm == "both":
            right_actions = kinematics_solver.fk_pos(actions[:, 7:13])
            right_actions_drawable = ee_pose_to_cam_frame(
                right_actions, extrinsics["right"]
            )
            left_actions = kinematics_solver.fk_pos(actions[:, :6])
            left_actions_drawable = ee_pose_to_cam_frame(
                left_actions, extrinsics["left"]
            )
            actions_drawable = np.concatenate(
                (left_actions_drawable, right_actions_drawable), axis=0
            )
        elif arm == "right":
            right_actions = kinematics_solver.fk_pos(actions[:, 7:13])
            right_actions_drawable = ee_pose_to_cam_frame(
                right_actions, extrinsics["right"]
            )
            actions_drawable = right_actions_drawable
        elif arm == "left":
            left_actions = kinematics_solver.fk_pos(actions[:, :6])
            left_actions_drawable = ee_pose_to_cam_frame(
                left_actions, extrinsics["left"]
            )
            actions_drawable = left_actions_drawable
    else:
        actions = actions.reshape(-1, 3)
        actions_drawable = actions

    actions_drawable = cam_frame_to_cam_pixels(actions_drawable, intrinsics)
    im = draw_dot_on_frame(im, actions_drawable, show=False, palette=color)

    return im


def is_key(x):
    return hasattr(x, "keys") and callable(x.keys)


def is_listy(x):
    return isinstance(x, list)


def nds_pq(file_path):
    """
    Open a .parquet file and explore its structure, including nested datasets.
    """
    try:
        parquet_file = pq.ParquetFile(file_path)
        print(f"File Schema:\n{parquet_file.schema}\n")

        df = pd.read_parquet(file_path)

        print(f"Headers (Columns): {list(df.columns)}")
        print(f"Shape (Rows, Columns): {df.shape}")

        nested_columns = []
        for column in df.columns:
            # Check for nested data
            if isinstance(df[column].iloc[0], (dict, list)):
                nested_columns.append(column)

        if nested_columns:
            print(f"Nested Headers: {nested_columns}")
        else:
            print("No nested headers found.")
    except Exception as e:
        print(f"An error occurred: {e}")


nested_ds_pq = nds_pq
nds_parquet = nds_pq
nested_ds_parquet = nds_pq


def str2bool(value):
    if isinstance(value, bool):
        return value
    value = value.lower()
    if value in ("yes", "true", "t", "y", "1"):
        return True
    if value in ("no", "false", "f", "n", "0"):
        return False
    raise argparse.ArgumentTypeError("Boolean value expected.")


def nds(nested_ds, tab_level=0):
    """
    Print the structure of a nested dataset.
    nested_ds: a series of nested dictionaries and iterables.  If a dictionary, print the key and recurse on the value.  If a list, print the length of the list and recurse on just the first index.  For other types, just print the shape.
    """
    # print('--' * tab_level, end='')
    if is_key(nested_ds):
        print("dict with keys: ", nested_ds.keys())
    elif is_listy(nested_ds):
        print("list of len: ", len(nested_ds))
    elif nested_ds is None:
        print("None")
    elif isinstance(nested_ds, Number):
        print("Number: ", nested_ds)
    elif isinstance(nested_ds, np.ndarray) or isinstance(nested_ds, torch.Tensor):
        # print('\t' * (tab_level), end='')
        print(nested_ds.shape)
    else:
        print("Type: ", type(nested_ds))

    if is_key(nested_ds):
        for key, value in nested_ds.items():
            print("\t" * (tab_level), end="")
            print(f"{key}: ", end="")
            nds(value, tab_level + 1)
    elif isinstance(nested_ds, list):
        print("\t" * tab_level, end="")
        print("Index[0]", end="")
        nds(nested_ds[0], tab_level + 1)


def ee_pose_to_cam_frame(ee_pose_base, T_cam_base):
    """
    ee_pose_base: (N, 3)
    T_cam_base: (4, 4)

    returns ee_pose_cam: (N, 3)
    """
    N, _ = ee_pose_base.shape
    ee_pose_base = np.concatenate([ee_pose_base, np.ones((N, 1))], axis=1)

    ee_pose_grip_cam = np.linalg.inv(T_cam_base) @ ee_pose_base.T
    return ee_pose_grip_cam.T[:, :3]


def base_frame_to_cam_frame(base_frame, T_cam_base):
    """
    base_frame: (N, 6) (x, y, z, yaw, pitch, roll)
    T_cam_base: (4, 4)

    returns cam_frame: (N, 6) (x, y, z, yaw, pitch, roll)
    """
    N, _ = base_frame.shape
    se3 = np.zeros((N, 4, 4))
    se3[:, :3, :3] = Rotation.from_euler("ZYX", base_frame[:, 3:6]).as_matrix()
    se3[:, :3, 3] = base_frame[:, :3]
    se3[:, 3, 3] = 1
    cam_frame = np.linalg.inv(T_cam_base) @ se3
    xyz = cam_frame[:, :3, 3]
    ypr = Rotation.from_matrix(cam_frame[:, :3, :3]).as_euler("ZYX", degrees=False)
    return np.concatenate([xyz, ypr], axis=1)


def cam_frame_to_base_frame(cam_frame, T_cam_base):
    """
    cam_frame: (N, 6) (x, y, z, yaw, pitch, roll)
    T_cam_base: (4, 4)

    returns base_frame: (N, 6) (x, y, z, yaw, pitch, roll)
    """
    N, _ = cam_frame.shape
    se3 = np.zeros((N, 4, 4))
    se3[:, :3, :3] = Rotation.from_euler("ZYX", cam_frame[:, 3:6]).as_matrix()
    se3[:, :3, 3] = cam_frame[:, :3]
    se3[:, 3, 3] = 1
    base_frame = T_cam_base @ se3
    xyz = base_frame[:, :3, 3]
    ypr = Rotation.from_matrix(base_frame[:, :3, :3]).as_euler("ZYX", degrees=False)
    return np.concatenate([xyz, ypr], axis=1)


def ee_orientation_to_cam_frame(ee_orientation_base, T_cam_base):
    """
    ee_orientation_base: (N, 3, 3) rotation matrices representing orientations in the base frame.
    T_cam_base: (4, 4) transformation matrix from base to camera.
    returns ee_orientation_cam: (N, 3, 3) orientations in the camera frame, and Euler Angles (yaw, pitch, roll) - (N, 3)
    """
    T_base_cam = np.linalg.inv(T_cam_base)  # Inverse transformation
    # Transform orientations
    R_cam_base = T_base_cam[:3, :3]  # Extract rotation matrix from transformation
    ee_orientation_cam = np.array(
        [R_cam_base @ R for R in ee_orientation_base.cpu().numpy()]
    )  # Loop over each orientation
    ## get yaw, pitch, roll
    batched_ypr = batched_rotation_matrices_to_euler_angles(
        torch.tensor(ee_orientation_cam)
    )
    return ee_orientation_cam, batched_ypr


def batched_rotation_matrices_to_euler_angles(batch_R):
    """
    Convert batched rotation matrices to Euler angles (ZYX order).
    Parameters:
        batch_R (torch.Tensor): A batched tensor of shape [batch_size, 3, 3]
    Returns:
        torch.Tensor: A tensor of Euler angles of shape [batch_size, 3] (yaw, pitch, roll)
    """
    # Reshape the tensor to merge batch and sequence dimensions for processing
    batch_size, _, _ = batch_R.shape
    is_torch_tensor = isinstance(batch_R, torch.Tensor)
    if is_torch_tensor:
        # PyTorch reshape
        reshaped_R = batch_R.view(-1, 3, 3).cpu().numpy()
    else:
        # NumPy reshape
        reshaped_R = batch_R.reshape(-1, 3, 3)
    # reshaped_R = batch_R.view(-1, 3, 3).cpu().numpy()
    # Use scipy's Rotation to convert rotation matrices to Euler angles
    rotation_objects = Rotation.from_matrix(reshaped_R)
    euler_angles = rotation_objects.as_euler(
        "ZYX", degrees=False
    )  # Shape [batch_size * seq_len, 3]
    # Convert back to torch and reshape to original batch dimensions
    euler_angles = torch.tensor(euler_angles, device=batch_R.device)
    euler_angles = euler_angles.view(batch_size, 3)
    return euler_angles


def pose_transform(a_pose, T_a_b):
    """
    a_pose: (N, 3) series of poses in frame a
    T_a_b: (4, 4) transformation matrix from frame a to frame b

    returns b_pose: (N, 3) series of poses in frame b
    """
    orig_shape = list(a_pose.shape)
    a_pose = a_pose.reshape(-1, 3)
    N, _ = a_pose.shape
    a_pose = np.concatenate([a_pose, np.ones((N, 1))], axis=1)

    ee_pose_grip_cam = T_a_b @ a_pose.T
    orig_shape[-1] += 1
    return ee_pose_grip_cam.T.reshape(orig_shape)


def ee_pose_to_cam_pixels(ee_pose_base, T_cam_base, intrinsics):
    """
    ee_pose_base: (N, 3)
    T_cam_base: (4, 4)
    intrinsics: (3, 4)


    returns ee_pose_cam_pixels (N, 2)
    """
    N, _ = ee_pose_base.shape
    ee_pose_base = np.concatenate([ee_pose_base, np.ones((N, 1))], axis=1)

    ee_pose_grip_cam = np.linalg.inv(T_cam_base) @ ee_pose_base.T

    px_val = intrinsics @ ee_pose_grip_cam
    px_val = px_val / px_val[2, :]

    return px_val.T


def pose_to_transform(pose):
    """
    Convert a 6D pose [x, y, z, yaw, pitch, roll] into a 4x4 homogeneous transform.
    Assumes Euler angles are in radians and follow ZYX (yaw-pitch-roll) order.
    """
    x, y, z, yaw, pitch, roll = pose

    # Compute individual rotation matrices
    Rz = np.array(
        [[np.cos(yaw), -np.sin(yaw), 0], [np.sin(yaw), np.cos(yaw), 0], [0, 0, 1]]
    )
    Ry = np.array(
        [
            [np.cos(pitch), 0, np.sin(pitch)],
            [0, 1, 0],
            [-np.sin(pitch), 0, np.cos(pitch)],
        ]
    )
    Rx = np.array(
        [[1, 0, 0], [0, np.cos(roll), -np.sin(roll)], [0, np.sin(roll), np.cos(roll)]]
    )

    # Combined rotation: note the multiplication order
    R = Rz @ Ry @ Rx

    # Assemble homogeneous transformation matrix
    T = np.eye(4)
    T[:3, :3] = R
    T[:3, 3] = [x, y, z]
    return T


def transform_to_pose(T):
    """
    Convert a 4x4 homogeneous transform back to a 6D pose [x, y, z, yaw, pitch, roll].
    Uses the ZYX (yaw-pitch-roll) convention.
    """
    x, y, z = T[:3, 3]
    R = T[:3, :3]

    # Extract pitch from the (3,1) element of R
    pitch = np.arcsin(-R[2, 0])
    # To avoid numerical issues, check for gimbal lock:
    cos_pitch = np.cos(pitch)
    if np.abs(cos_pitch) > 1e-6:
        yaw = np.arctan2(R[1, 0], R[0, 0])
        roll = np.arctan2(R[2, 1], R[2, 2])
    else:
        # Gimbal lock: arbitrarily set yaw=0
        yaw = 0
        roll = np.arctan2(-R[0, 1], R[1, 1])
    return np.array([x, y, z, yaw, pitch, roll])


def cam_frame_to_cam_pixels(ee_pose_cam, intrinsics):
    """
    camera frame 3d coordinates to pixels in camera frame
    ee_pose_cam: (N, 3)
    intrinsics: 3x4 matrix
    """
    N, _ = ee_pose_cam.shape
    ee_pose_cam = np.concatenate([ee_pose_cam, np.ones((N, 1))], axis=1)
    # print("3d pos in cam frame: ", ee_pose_cam)

    # print("intrinsics: ", intrinsics.shape, ee_pose_cam.shape)
    px_val = intrinsics @ ee_pose_cam.T
    px_val = px_val / px_val[2, :]
    # print("2d pos cam frame: ", px_val)

    return px_val.T


def draw_dot_on_frame(frame, pixel_vals, show=True, palette="Purples", dot_size=5):
    """
    frame: (H, W, C) numpy array
    pixel_vals: (N, 2) numpy array of pixel values to draw on frame
    Drawn in light to dark order
    """
    frame = frame.astype(np.uint8).copy()
    if isinstance(pixel_vals, tuple):
        pixel_vals = [pixel_vals]

    # get purples color palette, and color the circles accordingly
    color_palette = plt.get_cmap(palette)
    color_palette = color_palette(np.linspace(0, 1, len(pixel_vals)))
    color_palette = (color_palette[:, :3] * 255).astype(np.uint8)
    color_palette = color_palette.tolist()

    for i, pixel_val in enumerate(pixel_vals):
        try:
            frame = cv2.circle(
                frame,
                (int(pixel_val[0]), int(pixel_val[1])),
                dot_size,
                color_palette[i],
                -1,
            )
        except Exception:
            print("Got bad pixel_val: ", pixel_val)
        if show:
            plt.imshow(frame)
            plt.show()

    return frame


def general_norm(array, min_val, max_val, arr_min=None, arr_max=None):
    if arr_min is None:
        arr_min = array.min()
    if arr_max is None:
        arr_max = array.max()

    return (max_val - min_val) * ((array - arr_min) / (arr_max - arr_min)) + min_val


def general_unnorm(array, orig_min, orig_max, min_val, max_val):
    return ((array - min_val) / (max_val - min_val)) * (orig_max - orig_min) + orig_min


def miniviewer(frame, goal_frame, location="top_right"):
    """
    overlay goal_frame in a corner of frame
    frame: (H, W, C) numpy array
    goal_frame: (H, W, C) numpy array
    location: "top_right", "top_left", "bottom_left", "bottom_right"

    return frame with goal_frame in top right corner (1/4 original size)

    resize using TF
    """
    frame = frame.copy()
    goal_frame = goal_frame.copy()
    if isinstance(frame, np.ndarray):
        frame = torch.from_numpy(frame)
    if isinstance(goal_frame, np.ndarray):
        goal_frame = torch.from_numpy(goal_frame)

    goal_frame = goal_frame.permute((2, 0, 1))
    frame = frame.permute((2, 0, 1))

    goal_frame = TF.resize(goal_frame, (frame.shape[1] // 4, frame.shape[2] // 4))
    if location == "top_right":
        frame[:, : goal_frame.shape[1], -goal_frame.shape[2] :] = goal_frame
    elif location == "top_left":
        frame[:, : goal_frame.shape[1], : goal_frame.shape[2]] = goal_frame
    elif location == "bottom_left":
        frame[:, -goal_frame.shape[1] :, : goal_frame.shape[2]] = goal_frame
    elif location == "bottom_right":
        frame[:, -goal_frame.shape[1] :, -goal_frame.shape[2] :] = goal_frame
    # frame[:, :goal_frame.shape[1], -goal_frame.shape[2]:] = goal_frame
    return frame.permute((1, 2, 0)).numpy()


def transformation_matrix_to_pose(T):
    R = T[:3, :3]
    p = T[:3, 3]
    rotation_quaternion = Rotation.from_matrix(R).as_quat()
    pose_array = np.concatenate((p, rotation_quaternion))
    return pose_array


def interpolate_arr_euler(v: np.ndarray, seq_length: int) -> np.ndarray:
    """
    Interpolate 6DoF poses (translation + Euler angles in radians),
    optionally with a 7th gripper dimension, along the time axis.

    v: (B, T, 6) or (B, T, 7)
        [x, y, z, yaw, pitch, roll, (optional) gripper]
    """
    assert v.ndim == 3 and v.shape[2] in (
        6,
        7,
    ), "Input v must be of shape (B, T, 6) or (B, T, 7)"
    B, T, D = v.shape

    new_time = np.linspace(0, 1, seq_length)
    old_time = np.linspace(0, 1, T)

    outputs = []

    for i in range(B):
        seq = v[i]  # (T, D)

        if np.any(seq >= 1e8):
            outputs.append(np.full((seq_length, D), 1e9))
            continue

        trans_seq = seq[:, :3]  # x, y, z
        rot_seq = seq[:, 3:6]  # yaw, pitch, roll

        # Avoid discontinuities in angle interpolation
        rot_seq_unwrapped = np.unwrap(rot_seq, axis=0)

        trans_interp_func = scipy.interpolate.interp1d(
            old_time, trans_seq, axis=0, kind="linear"
        )
        rot_interp_func = scipy.interpolate.interp1d(
            old_time, rot_seq_unwrapped, axis=0, kind="linear"
        )

        trans_interp = trans_interp_func(new_time)  # (seq_length, 3)
        rot_interp = rot_interp_func(new_time)  # (seq_length, 3)

        # Wrap back to [-pi, pi)
        rot_interp = (rot_interp + np.pi) % (2 * np.pi) - np.pi

        if D == 6:
            out_seq = np.concatenate([trans_interp, rot_interp], axis=-1)
        else:
            grip_seq = seq[:, 6:7]  # (T, 1)
            grip_interp_func = scipy.interpolate.interp1d(
                old_time, grip_seq, axis=0, kind="linear"
            )
            grip_interp = grip_interp_func(new_time)  # (seq_length, 1)
            out_seq = np.concatenate([trans_interp, rot_interp, grip_interp], axis=-1)

        outputs.append(out_seq)

    return np.stack(outputs, axis=0)  # (B, seq_length, D)


class AlohaFK:
    def __init__(self, robot="arx"):
        if robot == "aloha":
            urdf_path = os.path.join(
                os.path.dirname(egomimic.__file__), "resources/model_eve.urdf"
            )
            self.chain = pk.build_serial_chain_from_urdf(
                open(urdf_path).read(), "vx300s/ee_gripper_link"
            )
        elif robot == "arx":
            urdf_path = Path(
                os.path.join(
                    os.path.dirname(egomimic.__file__), "resources/model_arx.urdf"
                )
            )
            xml_bytes = urdf_path.read_bytes()

            self.chain = pk.build_serial_chain_from_urdf(xml_bytes, "link6")

    def fk(self, qpos):
        if isinstance(qpos, np.ndarray):
            qpos = torch.from_numpy(qpos)

        return self.chain.forward_kinematics(qpos, end_only=True).get_matrix()[:, :3, 3]


def robo_to_aria_imstyle(im):
    im = TVTF.adjust_hue(im, -0.05)
    im = TVTF.adjust_saturation(im, 1.2)
    im = apply_vignette(im, exponent=1)

    return im


def create_vignette_mask(height, width, exponent=2):
    """
    Create a vignette mask with the given height and width.
    The exponent controls the strength of the vignette effect.
    """
    y, x = torch.meshgrid(
        torch.linspace(-1, 1, height), torch.linspace(-1, 1, width), indexing="ij"
    )
    radius = torch.sqrt(x**2 + y**2) / 2
    mask = 1 - torch.pow(radius, exponent)
    mask = torch.clamp(mask, 0, 1)
    return mask


def apply_vignette(image_tensor, exponent=2):
    """
    Apply a vignette effect to a batch of image tensors.
    """
    N, C, H, W = image_tensor.shape
    vignette_mask = create_vignette_mask(H, W, exponent)
    vignette_mask = vignette_mask.unsqueeze(0).unsqueeze(
        0
    )  # Add batch and channel dimensions
    vignette_mask = vignette_mask.expand(
        N, C, H, W
    )  # Expand to match the batch of images
    vignette_mask = vignette_mask.to(image_tensor.device)
    return image_tensor * vignette_mask


def add_extra_train_splits(data, split_percentages):
    """
    data: hdf5 file in robomimic format
    split_percentages: list of percentages for each split, e.g. [0.7, 0.1, 0.2]
    add key "mask/train_{split_name}" which subsamples "mask/train" by split_percentages
    """
    N = len(data["mask/train"][:])
    random_order = np.random.permutation(N)
    mask = data["mask/train"][:]
    splits = []
    for split in split_percentages:
        # data[f"mask/train_{split_percentages:.2f}"] = random_order[:int(N*split)]
        sorted_order = np.sort(random_order[: int(N * split)])
        print(sorted_order)
        splits.append(sorted_order)
        print(mask[sorted_order])
        data[f"mask/train_{int(split * 100)}%"] = mask[sorted_order]

    for i in range(4):
        print(i)
        assert set(splits[i]).issubset(set(splits[i + 1]))


def interpolate_arr(v, seq_length):
    """
    v: (B, T, D)
    seq_length: int
    """
    assert len(v.shape) == 3
    if v.shape[1] == seq_length:
        return

    interpolated = []
    for i in range(v.shape[0]):
        index = v[i]

        interp = scipy.interpolate.interp1d(
            np.linspace(0, 1, index.shape[0]), index, axis=0
        )
        interpolated.append(interp(np.linspace(0, 1, seq_length)))

    return np.array(interpolated)


def interpolate_keys(obs, keys, seq_length):
    """
    obs: dict with values of shape (T, D)
    keys: list of keys to interpolate
    seq_length: int changes shape (T, D) to (seq_length, D)
    """
    for k in keys:
        v = obs[k]
        L = v.shape[0]
        if L == seq_length:
            continue

        if k == "pad_mask":
            # interpolate it by simply copying each index (seq_length / seq_length_to_load) times
            obs[k] = np.repeat(v, (seq_length // L), axis=0)
        elif k != "pad_mask":
            interp = scipy.interpolate.interp1d(np.linspace(0, 1, L), v, axis=0)
            try:
                obs[k] = interp(np.linspace(0, 1, seq_length))
            except Exception:
                raise ValueError(
                    f"Interpolation failed for key: {k} with shape{k.shape}"
                )


def ypr_to_matrix(ypr):
    """Convert yaw-pitch-roll (ZYX) to rotation matrix. ypr: (..., 3) → (..., 3, 3)"""
    yaw, pitch, roll = ypr.unbind(-1)

    cy = torch.cos(yaw)
    sy = torch.sin(yaw)
    cp = torch.cos(pitch)
    sp = torch.sin(pitch)
    cr = torch.cos(roll)
    sr = torch.sin(roll)

    # Build rotation matrix (Z-Y-X / yaw-pitch-roll)
    Rz = torch.stack(
        [
            torch.stack([cy, -sy, torch.zeros_like(yaw)], dim=-1),
            torch.stack([sy, cy, torch.zeros_like(yaw)], dim=-1),
            torch.stack(
                [torch.zeros_like(yaw), torch.zeros_like(yaw), torch.ones_like(yaw)],
                dim=-1,
            ),
        ],
        dim=-2,
    )

    Ry = torch.stack(
        [
            torch.stack([cp, torch.zeros_like(pitch), sp], dim=-1),
            torch.stack(
                [
                    torch.zeros_like(pitch),
                    torch.ones_like(pitch),
                    torch.zeros_like(pitch),
                ],
                dim=-1,
            ),
            torch.stack([-sp, torch.zeros_like(pitch), cp], dim=-1),
        ],
        dim=-2,
    )

    Rx = torch.stack(
        [
            torch.stack(
                [torch.ones_like(roll), torch.zeros_like(roll), torch.zeros_like(roll)],
                dim=-1,
            ),
            torch.stack([torch.zeros_like(roll), cr, -sr], dim=-1),
            torch.stack([torch.zeros_like(roll), sr, cr], dim=-1),
        ],
        dim=-2,
